7938, 8819, 3149, 3326, 4036, 1580, 4751, 6950, 5036, 1111, 
5673, 3267, 1455, 9028, 9377, 4690, 2454, 3462, 7357, 6386, 
9455, 4986, 4483, 9816, 1652, 5325, 6320, 1003, 1720, 314, 
3494, 2350, 2271, 3820, 9556, 7049, 2031, 5185, 9718, 8967, 
288, 943, 4416, 6516, 9059, 8150, 9641, 1503, 637, 4672, 
4204, 9140, 1257, 3195, 6101, 6787, 1738, 192, 6326, 7094, 
8093, 8603, 1417, 7985, 747, 7721, 8787, 5254, 5914, 16, 
8648, 3742, 5728, 5972, 6762, 733, 3148, 6552, 9669, 2400, 
3069, 1439, 3388, 7942, 9709, 5471, 5813, 833, 7476, 3654, 
2639, 6545, 1471, 2426, 9296, 6477, 3250, 7896, 9822, 8773, 
6230, 871, 2359, 8505, 4823, 9970, 5788, 4915, 4560, 4892, 
7950, 9899, 8062, 8423, 2268, 4190, 8928, 1803, 9279, 2077, 
9351, 7244, 3552, 6307, 7683, 1034, 7992, 8489, 5148, 6147, 
9236, 656, 2463, 9440, 5417, 5734, 2990, 801, 2047, 2555, 
6586, 8033, 2263, 8831, 2223, 4759, 9690, 9478, 6006, 7361, 
8539, 131, 2963, 9623, 4913, 446, 7825, 8075, 8048, 3138, 
3051, 1494, 2305, 9302, 8022, 6066, 4613, 3755, 9196, 6571, 
6256, 6948, 5032, 4387, 1978, 4287, 9045, 1118, 537, 2413, 
9997, 3342, 5042, 7334, 5856, 3205, 2822, 9838, 9053, 6303, 
4592, 1244, 6837, 8531, 5391, 1248, 8862, 1705, 5431, 2265, 
3538, 1453, 2053, 33, 4594, 791, 1274, 1915, 9926, 3911, 
3245, 2618, 7145, 9713, 9453, 4938, 3425, 8134, 290, 3771, 
226, 5622, 1727, 6645, 7888, 5051, 547, 1914, 3923, 4189, 
3076, 6694, 8715, 2143, 1004, 6, 409, 7482, 4298, 9991, 
8576, 2531, 9372, 6901, 3102, 2873, 9328, 6972, 3004, 3760, 
9589, 5745, 417, 3281, 7079, 6686, 2198, 4122, 855, 7617, 
7500, 3670, 2384, 5898, 1063, 9719, 1305, 3249, 6662, 3639, 
5134, 5615, 6964, 5795, 1562, 2058, 1419, 6292, 1270, 2879, 
5415, 6500, 5643, 3884, 2901, 9484, 8133, 1456, 1641, 7029, 
7083, 4761, 8002, 2157, 3090, 3787, 9850, 5286, 113, 7794, 
7697, 3393, 9482, 9281, 2, 3137, 3071, 1059, 6530, 5767, 
8855, 6099, 8358, 7516, 4104, 2859, 563, 9616, 9297, 9404, 
8159, 8415, 22, 1011, 4650, 377, 1739, 199, 5756, 992, 
6627, 5496, 6822, 315, 143, 3562, 1643, 5752, 1175, 4220, 
3684, 6216, 845, 8428, 5766, 5564, 5870, 6052, 5283, 7990, 
1740, 1310, 9976, 8985, 7732, 4054, 2169, 7198, 7687, 8400, 
5013, 6498, 3736, 9996, 4044, 2011, 1673, 5735, 9918, 4605, 
205, 2576, 8359, 9754, 7379, 6026, 8268, 9502, 6898, 1866, 
8343, 4258, 2372, 6238, 739, 7806, 6120, 1520, 9514, 6789, 
4056, 5502, 618, 3935, 8781, 8414, 3220, 1079, 2197, 2216, 
3003, 1125, 230, 1343, 163, 8750, 9577, 2235, 7160, 751, 
5528, 9894, 729, 1796, 2299, 5061, 3056, 1434, 9135, 7527, 
6883, 7015, 9307, 9438, 1268, 6800, 5191, 8562, 9819, 2259, 
3449, 7211, 1155, 8691, 7065, 6590, 1754, 3312, 8999, 5962, 
8844, 6496, 2121, 9195, 9932, 3557, 9356, 6962, 2925, 7322, 
4423, 1210, 8101, 4859, 8161, 4417, 7935, 1127, 3744, 4353, 
8271, 5382, 9788, 5731, 4777, 7626, 4341, 863, 3192, 5080, 
8953, 9066, 1784, 9112, 9143, 6356, 1393, 5298, 6264, 8674, 
601, 3779, 5847, 7767, 7270, 6577, 872, 7783, 6041, 4152, 
1620, 1350, 6485, 2192, 4403, 9237, 3694, 6525, 9765, 8524, 
4992, 9908, 4473, 8334, 5312, 4222, 4659, 1961, 4863, 7574, 
1870, 7727, 7351, 8624, 1600, 9505, 9293, 5248, 3688, 5543, 
1470, 976, 6643, 5873, 7917, 8421, 3447, 5942, 8351, 1542, 
8874, 9668, 1826, 2389, 3498, 3435, 7766, 3450, 4022, 4997, 
7846, 9451, 6672, 6523, 6831, 77, 4681, 5655, 3846, 6887, 
6910, 8483, 4949, 6583, 9639, 6576, 8167, 5122, 3579, 5472, 
9209, 2827, 1402, 2345, 7866, 8762, 8178, 2653, 5396, 1917, 
4362, 6813, 436, 4969, 2038, 5718, 4515, 5041, 7315, 2540, 
8968, 785, 3996, 9230, 7443, 9381, 8381, 6849, 8385, 3333, 
498, 7710, 4834, 3000, 1791, 5082, 2225, 560, 6733, 1787, 
5403, 1802, 9598, 3114, 480, 5376, 2533, 7488, 6905, 8333, 
5243, 9749, 2600, 4398, 4918, 2254, 8387, 3613, 9583, 8847, 
9601, 9498, 1589, 7347, 8205, 6625, 5841, 1361, 7804, 4454, 
8221, 1379, 5750, 2940, 2671, 890, 413, 598, 5888, 6266, 
5129, 553, 4098, 630, 1770, 3188, 3574, 1920, 4333, 3819, 
7965, 1971, 9543, 4596, 2173, 8185, 5483, 8944, 1091, 4837, 
5463, 17, 3141, 5973, 5984, 764, 4077, 1935, 7332, 2661, 
2033, 7973, 7167, 4569, 883, 2937, 7605, 1907, 5412, 5054, 
8511, 548, 4540, 8063, 4725, 9024, 8395, 3677, 3706, 7833, 
8069, 6211, 8732, 2582, 6983, 6392, 8488, 9559, 7907, 9462, 
7321, 6952, 9503, 1884, 8477, 5885, 8463, 2619, 390, 3874, 
1176, 6811, 540, 1687, 8141, 7672, 6651, 6949, 102, 7492, 
5017, 1599, 6882, 9492, 6044, 4073, 7056, 8803, 9957, 2960, 
9527, 9058, 3516, 3127, 7010, 576, 9415, 782, 3233, 1910, 
7530, 2244, 14, 1023, 9172, 8747, 9081, 5100, 3261, 4364, 
6088, 8481, 1109, 9097, 7135, 6757, 1014, 7957, 7020, 305, 
608, 4162, 2808, 9810, 5377, 1614, 4664, 8382, 1797, 3391, 
5562, 8235, 6119, 9720, 8388, 7234, 9363, 35, 3723, 6423, 
8430, 7116, 4625, 4397, 7490, 3041, 472, 3144, 5694, 6134, 
3817, 4721, 3133, 4134, 8152, 752, 6193, 2896, 9763, 1137, 
4532, 1805, 5777, 8401, 5287, 1108, 8658, 8016, 7169, 859, 
2444, 532, 4431, 4315, 7407, 9739, 5172, 3597, 6851, 9685, 
3285, 5145, 1506, 8859, 251, 4562, 4514, 3893, 835, 7969, 
3555, 5484, 7994, 5069, 3304, 1122, 2226, 3442, 8956, 255, 
1117, 2707, 9631, 2483, 9648, 7978, 2815, 6258, 9376, 6031, 
5297, 7970, 7235, 7539, 4587, 3200, 5867, 5370, 4208, 6085, 
2162, 2871, 668, 6764, 7139, 4940, 4699, 4644, 6343, 3136, 
3899, 9812, 9017, 8726, 6550, 4158, 7525, 596, 3274, 2542, 
481, 1104, 2857, 7627, 8065, 6148, 8669, 2467, 7975, 1313, 
1428, 9225, 8070, 1337, 6419, 3135, 8841, 6117, 6447, 6937, 
6090, 1495, 5277, 5385, 8838, 6629, 3172, 7622, 1899, 4703, 
6081, 9350, 1529, 4817, 1200, 9082, 2395, 2670, 6852, 4972, 
4704, 2253, 7143, 4964, 3181, 3945, 8822, 6438, 1710, 858, 
1761, 1046, 9276, 7719, 4472, 740, 5263, 7691, 8788, 4956, 
1385, 401, 6209, 1724, 2689, 5, 7419, 9477, 8302, 3719, 
7869, 1177, 2874, 980, 1311, 8518, 5557, 9201, 8533, 2279, 
4361, 4984, 3315, 9023, 7819, 4739, 3591, 5944, 9270, 7075, 
7684, 1395, 5380, 2234, 4316, 2768, 1569, 4352, 4010, 3180, 
2557, 4338, 7466, 7781, 4826, 7469, 6105, 9364, 2943, 8346, 
3139, 7931, 8898, 8209, 2962, 3362, 311, 5247, 5889, 1869, 
3310, 5369, 4371, 5922, 3150, 5367, 267, 3174, 9707, 3580, 
7251, 3065, 132, 1054, 1219, 6766, 8241, 4393, 7505, 6791, 
2541, 9171, 3949, 2703, 5576, 8110, 4643, 6963, 666, 8192, 
688, 3938, 1875, 790, 8707, 8198, 5861, 512, 6664, 9781, 
9929, 6243, 9157, 1582, 8007, 2934, 8595, 9049, 5982, 2679, 
3295, 9378, 7112, 467, 3234, 7876, 8135, 7123, 5238, 8757, 
8130, 5440, 1297, 4178, 906, 8183, 4302, 8842, 781, 2537, 
4179, 7059, 5022, 333, 8289, 4031, 5980, 9831, 2239, 7736, 
2705, 1703, 6947, 9711, 7707, 5993, 1489, 3803, 4620, 793, 
4504, 3489, 7495, 7153, 6321, 6985, 1406, 9879, 6333, 6833, 
9320, 6394, 8499, 803, 3047, 3292, 9671, 5455, 3512, 6391, 
9521, 6102, 2498, 7132, 4534, 1765, 9712, 654, 1442, 126, 
3522, 6470, 4858, 5798, 7578, 7502, 3308, 1544, 8763, 7646, 
6828, 1836, 1053, 3877, 7744, 5068, 4774, 5722, 4647, 7191, 
2759, 1769, 7868, 2257, 149, 6096, 6040, 2713, 8638, 2037, 
4503, 9797, 1958, 9047, 4167, 7393, 7569, 5877, 9778, 2625, 
8369, 5105, 7943, 9037, 5949, 5817, 2789, 9620, 4450, 6906, 
9770, 5310, 104, 2452, 8729, 3178, 3695, 31, 1514, 694, 
1485, 6273, 6019, 8215, 2816, 9550, 7085, 3383, 6393, 4966, 
1728, 3010, 5587, 7481, 5664, 4106, 7960, 2351, 8436, 9512, 
8286, 1265, 5575, 7559, 2535, 8954, 3768, 4408, 861, 6520, 
2269, 9204, 7229, 5482, 4166, 9105, 7413, 2401, 3921, 4660, 
3932, 4429, 5015, 6161, 7277, 2848, 5911, 4553, 5793, 6756, 
1999, 2826, 1060, 9557, 6108, 228, 3735, 7822, 5851, 5966, 
8858, 8713, 7856, 3177, 3617, 7881, 4484, 5833, 8354, 1634, 
1897, 2132, 8791, 476, 6802, 9535, 9824, 6832, 6890, 2266, 
7446, 4133, 9272, 4350, 7812, 691, 4180, 6929, 9607, 1711, 
3433, 4645, 4445, 2150, 7827, 779, 4209, 812, 3641, 2368, 
5439, 257, 2833, 9117, 5876, 6944, 7303, 9235, 2464, 3518, 
1413, 7678, 1541, 6626, 2301, 487, 5278, 7063, 6413, 7798, 
1185, 3496, 7445, 8229, 9722, 7730, 1328, 3175, 6363, 3769, 
9751, 415, 3979, 5806, 7390, 287, 6894, 6080, 2402, 5480, 
2230, 4498, 1553, 7493, 7414, 4904, 7594, 6365, 1166, 603, 
9747, 9698, 6781, 1326, 6850, 1461, 8057, 5386, 9108, 8978, 
5723, 607, 24, 4499, 7895, 6453, 1120, 6262, 3358, 8734, 
5350, 8047, 138, 7566, 8363, 3125, 159, 6502, 4372, 1941, 
465, 4262, 6941, 6846, 1895, 2333, 950, 521, 4501, 6291, 
9352, 6251, 8793, 8435, 4785, 8907, 4380, 7076, 3082, 2040, 
4671, 9179, 5306, 6956, 8801, 8647, 2971, 1085, 6991, 6988, 
6396, 8919, 4819, 3793, 4018, 9909, 2439, 1841, 7119, 5574, 
7918, 1622, 7472, 8082, 7091, 4757, 152, 2023, 1881, 4388, 
9877, 7330, 5446, 4769, 2481, 2968, 9915, 1230, 9825, 1398, 
8992, 8314, 1811, 5092, 7442, 6279, 3662, 3415, 902, 7821, 
3273, 4850, 2795, 7698, 7694, 999, 8792, 5736, 9078, 5915, 
4219, 6671, 9935, 714, 4283, 8725, 4191, 3184, 1678, 48, 
6463, 6602, 9548, 5467, 6357, 2151, 4506, 5374, 4223, 337, 
8232, 9626, 4987, 7448, 9561, 3140, 5560, 7688, 6844, 7635, 
4993, 7902, 1637, 2855, 680, 8040, 9041, 1573, 7057, 6770, 
6361, 7417, 6519, 8870, 2999, 8860, 7693, 347, 1619, 3263, 
4441, 2913, 1595, 5748, 4822, 3406, 340, 2276, 5968, 2344, 
5290, 7785, 6327, 6960, 3841, 2035, 777, 6254, 3752, 6151, 
122, 4023, 5221, 76, 2772, 2309, 1251, 7460, 9128, 8886, 
1764, 4471, 7106, 1793, 6192, 1448, 8672, 5948, 9734, 934, 
7587, 7219, 7467, 328, 3299, 4386, 9197, 4055, 767, 7770, 
6921, 7852, 6425, 1253, 4637, 4657, 1136, 9990, 1886, 9337, 
1165, 5726, 9982, 3486, 4680, 9319, 7375, 6585, 9333, 5797, 
1559, 5671, 470, 8030, 9174, 3070, 3321, 6699, 6650, 4875, 
7843, 9710, 7729, 6989, 6421, 6666, 9147, 4544, 5163, 6404, 
7363, 5592, 7893, 5650, 1554, 5994, 9633, 622, 1425, 4153, 
8114, 5773, 1989, 6358, 8102, 3531, 216, 1203, 9184, 5503, 
8162, 450, 5400, 6022, 2007, 2012, 8504, 8635, 7808, 9714, 
962, 66, 7944, 4482, 1300, 8983, 7341, 8157, 9784, 1209, 
7989, 5194, 753, 3115, 2378, 1602, 5981, 4013, 4034, 5703, 
9089, 7249, 6431, 3919, 8883, 1189, 1407, 4653, 387, 1408, 
745, 6917, 153, 7901, 3334, 5302, 2674, 1877, 4631, 9608, 
118, 5436, 8577, 3905, 5244, 5875, 5547, 5318, 631, 8355, 
9795, 2593, 9382, 9181, 8083, 11, 4091, 8055, 1356, 2532, 
4507, 5522, 5507, 4877, 1375, 3697, 3853, 5186, 2340, 958, 
7126, 2617, 8988, 3439, 2577, 5803, 5917, 7547, 8441, 9207, 
4463, 2145, 2823, 6785, 6864, 2003, 1106, 2868, 4424, 9780, 
9898, 780, 2319, 9361, 6654, 4394, 2530, 6872, 2553, 9395, 
2282, 1755, 1286, 9015, 6618, 5757, 827, 9827, 1616, 1699, 
674, 8654, 4028, 765, 5161, 8204, 8251, 6426, 6021, 4418, 
369, 6938, 766, 930, 7983, 2803, 2308, 4221, 6048, 1604, 
8950, 5589, 1436, 9137, 8990, 9758, 9475, 455, 9907, 7671, 
6319, 1197, 9283, 8243, 9551, 2176, 5223, 6173, 6270, 5418, 
491, 4066, 2119, 4517, 6287, 6131, 6198, 4847, 4937, 979, 
9931, 2604, 4944, 8486, 1853, 5831, 991, 9637, 7319, 358, 
982, 2843, 8925, 6314, 1196, 794, 5023, 2944, 5217, 6130, 
4565, 5381, 7987, 1688, 2616, 6189, 1364, 9032, 2107, 2881, 
3228, 4401, 4872, 8347, 7173, 6540, 996, 3838, 4730, 5025, 
1546, 7900, 6659, 8020, 2774, 6300, 5486, 2961, 8068, 6856, 
3791, 6113, 2583, 8512, 4497, 5719, 7154, 4941, 2954, 4543, 
5632, 7036, 3007, 1993, 7006, 4973, 4801, 9888, 7359, 8544, 
4120, 52, 3761, 5006, 9392, 253, 5853, 7640, 1381, 3924, 
2207, 9541, 4458, 6874, 9525, 6371, 448, 2291, 1737, 174, 
8264, 5871, 9165, 543, 329, 1047, 7228, 1159, 8476, 2010, 
1698, 1904, 7790, 953, 1065, 2845, 3385, 3548, 2817, 1625, 
2996, 158, 3407, 6203, 299, 1583, 7980, 6336, 268, 8530, 
3254, 1298, 9966, 9412, 3367, 4688, 3860, 1411, 8406, 2497, 
8932, 850, 9461, 8496, 4911, 8403, 2635, 1748, 4024, 1557, 
2353, 9963, 1050, 9732, 8614, 6400, 9796, 1460, 8998, 1452, 
4324, 8525, 4430, 1416, 3631, 8190, 520, 5016, 4487, 2812, 
5109, 188, 7314, 974, 8338, 8439, 6008, 1444, 6534, 2775, 
8837, 4368, 3943, 5995, 5250, 1962, 8710, 7652, 4015, 2469, 
5595, 5489, 2170, 3414, 7331, 5190, 7745, 9349, 7553, 2297, 
7461, 1373, 1500, 1267, 3908, 944, 5836, 9562, 1273, 615, 
249, 6440, 2953, 7387, 4296, 8123, 4784, 915, 9035, 5865, 
1093, 8516, 4802, 7030, 2599, 3176, 9353, 9466, 5970, 8682, 
9853, 9554, 5123, 6093, 574, 3906, 3159, 8527, 7311, 6836, 
3096, 5759, 3633, 3143, 3621, 7149, 6639, 1867, 6730, 6993, 
1747, 336, 6630, 7422, 2050, 1389, 940, 6911, 8097, 3221, 
8789, 5887, 5342, 1410, 2082, 993, 5242, 5113, 5049, 8566, 
600, 5292, 3471, 423, 9387, 3652, 2286, 5598, 4617, 9994, 
8180, 4126, 970, 4171, 3025, 7146, 1162, 5476, 2933, 7601, 
4920, 8748, 3239, 9555, 7878, 5548, 3091, 7193, 452, 4916, 
9579, 2818, 3692, 3199, 4661, 760, 2473, 8589, 6980, 3222, 
3209, 1695, 8629, 6236, 3678, 119, 7033, 4971, 2462, 7114, 
309, 6658, 1521, 9891, 3095, 6738, 3505, 1660, 5860, 4815, 
2447, 6281, 6285, 2970, 9597, 1223, 5088, 9961, 1804, 5627, 
1872, 1843, 9020, 840, 9305, 5711, 4291, 2094, 1734, 6674, 
4181, 6656, 8052, 7977, 1913, 8194, 5477, 363, 620, 7998, 
9397, 4211, 4852, 6474, 6606, 2149, 4079, 1570, 6503, 8223, 
9417, 7565, 9903, 2754, 2836, 1009, 4435, 9663, 6003, 2059, 
9591, 3882, 2320, 3689, 3485, 4723, 6217, 4633, 1603, 7447, 
278, 1000, 4564, 8583, 924, 5821, 2088, 8019, 909, 9954, 
2024, 399, 9676, 8042, 7768, 2636, 3268, 3737, 6632, 9232, 
8471, 4148, 2477, 4259, 7630, 4662, 5513, 4105, 301, 5946, 
3251, 7415, 4990, 3674, 922, 9427, 3743, 612, 2820, 3053, 
3783, 7653, 4714, 1950, 6199, 6141, 2926, 567, 3027, 5165, 
789, 1851, 3873, 4794, 9447, 4685, 5175, 1484, 58, 2016, 
1539, 4346, 4580, 3852, 1677, 7871, 3219, 5515, 9122, 7631, 
3284, 5961, 3241, 8300, 7916, 2903, 9854, 4963, 9488, 6876, 
2806, 3157, 7021, 1948, 4107, 97, 7456, 7993, 3432, 3031, 
4702, 5709, 7104, 4094, 5215, 8573, 7703, 2558, 6652, 130, 
759, 6920, 1997, 3529, 3715, 3351, 7434, 9602, 2360, 2295, 
899, 6136, 6563, 2283, 8124, 1224, 2313, 9052, 2660, 1896, 
4137, 5285, 7305, 9335, 7182, 8087, 227, 3829, 9969, 6013, 
9971, 952, 9878, 3161, 8813, 7862, 220, 807, 4007, 8987, 
1938, 6129, 2708, 865, 7210, 4095, 3857, 7711, 9922, 5170, 
2579, 5063, 9271, 7473, 7945, 5840, 5203, 9745, 7743, 4642, 
3101, 8921, 7176, 1775, 5419, 7125, 1028, 4718, 9507, 9906, 
5707, 7746, 4510, 7437, 5258, 1339, 5613, 5289, 4526, 1567, 
4922, 575, 3957, 4239, 9459, 493, 4921, 4241, 8077, 1260, 
1163, 7789, 2589, 2366, 6202, 2904, 6118, 3896, 214, 3571, 
3146, 4123, 4627, 5079, 7213, 4379, 2215, 5178, 3546, 1427, 
3198, 466, 8708, 9953, 1932, 5724, 756, 5253, 9139, 2936, 
5197, 6687, 1590, 5270, 8012, 7656, 8982, 6574, 9673, 4844, 
6225, 5550, 5925, 3880, 6349, 5321, 3649, 2673, 4706, 3777, 
2317, 702, 2335, 4901, 7890, 9321, 6223, 8465, 1132, 2175, 
9437, 7309, 1041, 3975, 7278, 235, 3459, 8206, 2977, 6221, 
932, 2695, 2567, 351, 3568, 2492, 1218, 800, 5656, 2829, 
9962, 617, 7225, 1459, 219, 5518, 5670, 264, 5117, 7936, 
8931, 4531, 6012, 7958, 6163, 7349, 7764, 9141, 6112, 1855, 
1058, 6705, 5311, 8617, 8808, 3286, 1813, 7170, 5559, 4027, 
6002, 3191, 5891, 3691, 1247, 1039, 1472, 967, 3503, 5500, 
6028, 427, 7034, 6597, 4893, 709, 5776, 5838, 9133, 9917, 
5846, 518, 4856, 7256, 3890, 2273, 1618, 7558, 1918, 6745, 
4566, 2647, 5573, 684, 5103, 9000, 176, 5582, 661, 7759, 
4519, 2036, 5669, 3386, 4090, 348, 8821, 5423, 5153, 271, 
1438, 2167, 1090, 2390, 3154, 8758, 4357, 4555, 7580, 4883, 
7294, 2072, 2386, 8360, 3955, 82, 6160, 6100, 5697, 857, 
1808, 1507, 1226, 3751, 8368, 1083, 583, 8131, 5328, 8607, 
115, 4413, 9764, 8396, 6035, 7568, 276, 2931, 650, 2918, 
7854, 1767, 1683, 690, 1179, 5958, 8958, 8625, 9737, 9803, 
6124, 4197, 41, 6695, 836, 2966, 389, 1292, 8158, 884, 
4874, 7047, 7475, 8252, 6424, 7912, 7499, 4280, 7498, 9127, 
4933, 4093, 9241, 6156, 2799, 5611, 8810, 9396, 2102, 6871, 
1246, 6881, 4165, 8362, 5796, 2377, 2290, 2376, 3989, 1022, 
4614, 2767, 3700, 6932, 5433, 3898, 4236, 3054, 8317, 8174, 
2332, 9936, 416, 407, 3686, 1149, 1940, 6528, 1365, 8772, 
7451, 9688, 3607, 6104, 5909, 9650, 3992, 5580, 4323, 1771, 
397, 8929, 6229, 8633, 9700, 2622, 526, 6456, 6481, 7520, 
4399, 634, 9762, 4943, 8324, 4652, 9495, 1030, 326, 3491, 
2493, 7660, 7431, 6054, 4494, 3288, 9600, 2314, 8800, 7044, 
9347, 9930, 7386, 7426, 1525, 1078, 5764, 7772, 2947, 853, 
3473, 6346, 5004, 3452, 7026, 2559, 2124, 7183, 6469, 1990, 
4118, 8943, 7252, 6808, 5616, 2177, 6796, 7655, 5642, 2455, 
7450, 6432, 530, 4, 7064, 2136, 3928, 6322, 3203, 4912, 
12, 4931, 1008, 4665, 951, 1760, 8176, 8610, 3109, 7109, 
6368, 7096, 3427, 5458, 2488, 474, 769, 2054, 67, 193, 
623, 8600, 5274, 6954, 6499, 6521, 6301, 8515, 6647, 2884, 
1168, 7421, 9211, 4000, 4551, 5662, 6169, 5920, 1480, 3224, 
4621, 1572, 6559, 5758, 9118, 1723, 9273, 78, 2296, 6691, 
7190, 8565, 9144, 5931, 378, 8470, 7625, 8336, 6340, 5845, 
9999, 1488, 4005, 7701, 69, 869, 2375, 7503, 3799, 6476, 
2612, 963, 696, 9110, 252, 4310, 6218, 499, 5359, 4481, 
1138, 6428, 7552, 8716, 6780, 2645, 3476, 8782, 6984, 1982, 
1367, 5765, 5368, 9857, 9882, 5304, 867, 6212, 2194, 8103, 
7095, 6015, 9843, 75, 4505, 9060, 1632, 5519, 8440, 447, 
3373, 4088, 1519, 6514, 5008, 8249, 6531, 6207, 9394, 7542, 
2738, 3712, 7118, 905, 1537, 6595, 2061, 1606, 1021, 4132, 
1780, 9449, 5667, 2212, 9057, 2862, 6184, 4285, 2994, 9880, 
6042, 7538, 1970, 531, 209, 7800, 8749, 908, 3554, 9202, 
4246, 713, 1142, 8927, 5110, 1336, 8971, 1898, 1491, 1074, 
3521, 9646, 8659, 5087, 5965, 7967, 5780, 879, 4214, 2140, 
3078, 3190, 8379, 703, 6603, 9821, 7142, 4812, 509, 3280, 
6860, 4881, 9621, 7041, 6965, 6573, 5099, 4682, 613, 3951, 
2502, 2013, 585, 9339, 8519, 1400, 6688, 9924, 8984, 775, 
5675, 2515, 2880, 9508, 7394, 6834, 9330, 2468, 7491, 3390, 
2055, 1192, 3153, 2292, 8591, 7720, 9594, 7323, 418, 2228, 
20, 468, 8760, 9914, 9303, 2640, 5850, 3845, 8997, 9371, 
8779, 4715, 3810, 2850, 8273, 1473, 533, 4373, 8933, 8213, 
7454, 6677, 1380, 9385, 5781, 7180, 6754, 3916, 9806, 7108, 
4479, 7841, 7620, 7940, 7238, 5699, 330, 6853, 839, 6539, 
5818, 5684, 1974, 4425, 3599, 8010, 7734, 105, 8018, 2911, 
1571, 4836, 1842, 5401, 3501, 8086, 825, 8352, 3915, 2507, 
8085, 9098, 6750, 9506, 9085, 9723, 247, 5214, 8278, 8146, 
3602, 9341, 394, 2909, 3276, 2236, 1112, 3006, 1829, 9692, 
2383, 1254, 9009, 2584, 8331, 2489, 4909, 3867, 5252, 1144, 
3637, 2009, 6616, 2664, 9836, 4048, 7788, 1605, 911, 4851, 
2656, 3962, 7845, 9769, 3446, 1530, 1551, 9220, 3823, 1746, 
1630, 9679, 5444, 3218, 8650, 185, 2044, 1691, 5886, 3759, 
4410, 6475, 5160, 1682, 2485, 1900, 8541, 343, 2339, 772, 
5149, 7200, 9260, 9835, 379, 6512, 6771, 9125, 4154, 1825, 
6560, 4767, 4687, 1084, 8035, 7715, 9986, 2210, 5952, 8208, 
5516, 2796, 1594, 3502, 4669, 7670, 7515, 1681, 527, 7870, 
1558, 987, 6927, 9256, 2519, 5276, 4876, 9865, 8248, 2783, 
4157, 1148, 720, 4196, 8873, 9716, 8210, 9087, 2611, 1386, 
2698, 1121, 71, 8977, 6374, 8041, 4116, 6753, 6740, 6752, 
1007, 8899, 1467, 32, 8434, 4355, 9340, 4227, 6566, 3044, 
3583, 3402, 4300, 5883, 3651, 1289, 2573, 8438, 2479, 1831, 
1665, 4945, 9653, 3657, 1579, 3515, 2128, 40, 9667, 7205, 
1249, 2064, 1032, 9528, 7623, 1512, 6622, 3134, 5450, 5078, 
2321, 5606, 6582, 4787, 457, 7699, 8295, 3745, 6767, 7364, 
5546, 2280, 7239, 1089, 7077, 4085, 2221, 274, 1019, 784, 
6434, 501, 7726, 269, 6869, 7286, 1615, 683, 7275, 5233, 
3764, 2631, 822, 1943, 4244, 6604, 1790, 5893, 1204, 485, 
3294, 8350, 2566, 6435, 1423, 1840, 5137, 6723, 1839, 4268, 
324, 4533, 9425, 7961, 711, 7722, 2691, 2864, 1129, 3863, 
8216, 5864, 9872, 8834, 8121, 2894, 2907, 60, 7643, 1587, 
5156, 9844, 2388, 4374, 2780, 7061, 965, 3705, 6976, 2362, 
2682, 916, 7696, 1531, 4076, 8980, 4344, 5755, 1358, 7939, 
6195, 170, 6741, 4059, 3282, 4678, 8529, 8741, 7150, 5293, 
3377, 6589, 587, 7157, 517, 9703, 187, 7593, 236, 1944, 
1372, 6461, 7245, 6145, 383, 4032, 6739, 7884, 1076, 5050, 
894, 5168, 6725, 699, 1788, 8321, 3108, 4420, 9163, 8830, 
9258, 4516, 985, 7250, 1321, 7877, 3690, 2787, 4087, 5464, 
5530, 3132, 2791, 7328, 9808, 3461, 5157, 2147, 5224, 5620, 
8594, 7035, 7462, 3046, 7111, 3009, 5936, 9357, 3749, 8066, 
7338, 4967, 8797, 931, 5198, 5180, 8267, 3297, 6286, 7465, 
366, 9287, 3959, 2015, 2458, 9167, 9859, 4857, 8722, 3578, 
3948, 9043, 2529, 3622, 1415, 9743, 582, 5998, 3566, 4579, 
5879, 7197, 2760, 1188, 1516, 5173, 2571, 6907, 7586, 3940, 
969, 7663, 1498, 221, 8517, 9955, 1154, 2174, 5637, 7606, 
1511, 5647, 4752, 2935, 1027, 2924, 6821, 5267, 9729, 959, 
6308, 6776, 918, 2917, 6128, 4446, 2045, 8257, 321, 1550, 
3513, 5443, 586, 3780, 2520, 3120, 7464, 7045, 3129, 26, 
5399, 1231, 2450, 633, 4581, 2396, 7677, 7850, 1863, 6966, 
9820, 9702, 4979, 8814, 9046, 2516, 4789, 2484, 3595, 9777, 
9861, 6891, 3609, 4169, 5146, 9062, 3786, 9845, 9944, 4311, 
609, 3917, 7645, 7232, 7144, 7873, 8015, 5770, 2270, 3565, 
8169, 3808, 6494, 3052, 4600, 3625, 8536, 929, 502, 3844, 
9912, 2287, 6967, 5857, 2430, 1048, 437, 344, 2878, 8523, 
5288, 3511, 1838, 5010, 8665, 3058, 4974, 96, 7480, 2889, 
4557, 8718, 6226, 901, 3634, 5959, 233, 4975, 9832, 5432, 
1094, 4253, 1876, 9736, 2252, 3353, 8265, 3680, 8484, 9683, 
9725, 2255, 2979, 3152, 5783, 5147, 1878, 6628, 8667, 308, 
6196, 7423, 8447, 7974, 4183, 3729, 1307, 7816, 6478, 6401, 
2093, 3417, 6824, 8689, 5705, 9190, 5746, 1574, 346, 5950, 
439, 947, 5832, 7218, 9034, 3833, 4955, 3361, 100, 7887, 
1977, 9358, 3608, 6547, 3410, 2330, 1848, 2606, 9346, 1288, 
23, 7934, 8196, 8995, 7948, 7383, 8032, 6111, 9101, 2204, 
655, 2700, 4139, 4115, 4270, 9689, 7667, 9958, 3193, 3451, 
8197, 806, 4225, 4376, 2089, 6830, 9343, 8794, 191, 900, 
3204, 3236, 4456, 4965, 5020, 8311, 1345, 5563, 730, 9585, 
3338, 646, 5578, 4541, 7926, 874, 1080, 4442, 1743, 3967, 
7513, 8084, 3564, 1824, 6868, 7054, 2727, 4640, 9830, 7127, 
938, 5912, 1199, 3816, 2203, 8117, 6513, 2699, 5475, 6979, 
8021, 7511, 8882, 588, 42, 4910, 1391, 8981, 554, 3458, 
9496, 5819, 616, 2620, 8918, 3753, 5360, 2356, 4871, 7226, 
1736, 144, 9785, 6600, 7071, 3612, 4212, 893, 3033, 6248, 
2650, 8634, 3279, 6732, 5868, 1401, 7204, 7346, 660, 6564, 
368, 8626, 9042, 1101, 8507, 1133, 3356, 6675, 597, 7097, 
3335, 9345, 3083, 3212, 362, 2782, 9238, 8253, 4894, 2382, 
3847, 8848, 7220, 5331, 9846, 559, 798, 6257, 9564, 6997, 
286, 410, 9150, 7261, 181, 6155, 6220, 1532, 9312, 6159, 
5687, 6095, 2959, 685, 695, 9910, 8474, 7508, 5569, 6034, 
7751, 6064, 4412, 3965, 5720, 555, 6126, 8140, 6442, 1952, 
8191, 5335, 6919, 5266, 1513, 6056, 357, 8031, 4818, 7274, 
8736, 2919, 5414, 6187, 3123, 792, 4790, 2786, 3283, 4345, 
6668, 458, 1657, 8965, 9656, 635, 1465, 1980, 4527, 3929, 
6722, 1566, 7478, 5040, 3124, 8372, 1609, 9864, 8211, 4264, 
5249, 2274, 6926, 7913, 4796, 868, 2721, 2678, 127, 2534, 
3869, 6414, 9188, 5314, 261, 372, 3255, 5030, 7955, 4303, 
7117, 400, 53, 3615, 478, 6774, 762, 5947, 1057, 4150, 
9937, 1548, 6167, 9169, 2560, 5926, 5625, 8460, 5929, 87, 
2165, 6411, 7531, 1205, 7518, 937, 354, 7140, 731, 9965, 
8724, 2734, 3661, 6807, 8475, 5505, 8127, 8585, 8301, 5988, 
7120, 7506, 5162, 4731, 3028, 8367, 1934, 5098, 8472, 6059, 
4539, 7008, 981, 5200, 3711, 4249, 5001, 7184, 705, 3064, 
2043, 6261, 1499, 2814, 2241, 7920, 9379, 9416, 6051, 3337, 
9717, 6471, 8453, 4791, 2574, 2138, 4615, 7345, 1135, 9344, 
2605, 55, 7904, 4781, 7971, 5520, 849, 473, 7174, 5470, 
9870, 6450, 3217, 5768, 47, 7537, 8962, 5521, 4741, 6164, 
2465, 4142, 7392, 157, 5715, 7147, 2182, 1847, 6133, 9457, 
4046, 536, 4035, 7892, 3262, 1160, 6683, 4878, 6306, 7611, 
8090, 4290, 1942, 3394, 510, 2781, 5801, 408, 9539, 9088, 
2334, 8262, 2512, 2751, 6855, 7209, 6925, 4638, 5533, 4695, 
4896, 8646, 5237, 7628, 6490, 5493, 5009, 9304, 3801, 557, 
1130, 7629, 6376, 6024, 2494, 1040, 8234, 9316, 360, 7905, 
9264, 3849, 6140, 3526, 3343, 3165, 977, 5388, 1906, 8696, 
606, 3600, 8906, 1849, 9255, 1927, 7320, 8926, 4744, 8807, 
1405, 4884, 8028, 5990, 7272, 5090, 7874, 5150, 4535, 4049, 
7115, 649, 142, 3365, 19, 9354, 1651, 392, 6331, 2666, 
2329, 3185, 1102, 492, 9851, 3558, 5448, 2809, 9278, 3987, 
7289, 2249, 5983, 975, 716, 4628, 3060, 3460, 5138, 4089, 
129, 7786, 3561, 4145, 2949, 2432, 7658, 4528, 8383, 1070, 
403, 2638, 1446, 811, 7540, 9513, 2327, 5691, 7016, 6146, 
1077, 1362, 750, 5721, 3382, 5884, 9524, 1946, 3628, 6593, 
432, 9369, 8662, 1259, 3821, 732, 6351, 4636, 2524, 2526, 
2697, 6884, 2525, 2969, 2457, 8270, 3789, 3835, 1759, 6981, 
724, 7410, 3324, 8826, 4582, 9500, 6313, 6183, 3767, 3301, 
5689, 624, 5333, 2773, 6352, 500, 6416, 9445, 5835, 1921, 
6047, 184, 6480, 8181, 8445, 4294, 7514, 5373, 1462, 5905, 
1017, 8170, 2805, 1435, 5747, 1071, 9, 2237, 755, 2665, 
5644, 6798, 9595, 5792, 1206, 2693, 489, 2487, 1283, 6347, 
746, 2613, 6317, 9814, 8602, 3527, 6231, 7264, 8863, 3194, 
9873, 5196, 6168, 3966, 3168, 479, 2991, 8461, 6542, 6840, 
8095, 7342, 1, 697, 3776, 1152, 1370, 2877, 4140, 8917, 
250, 2852, 5638, 1454, 8839, 9798, 4186, 9318, 8147, 4074, 
7879, 4354, 6125, 2135, 1182, 2482, 1556, 4968, 51, 6951, 
4233, 3990, 5130, 3543, 9920, 566, 6818, 5902, 1342, 4634, 
809, 3991, 4860, 1145, 8588, 3253, 4813, 9682, 7712, 6267, 
7402, 1564, 7840, 10000, 1672, 8487, 4281, 6712, 1355, 676, 
7092, 8806, 3644, 3701, 2202, 5407, 3201, 9327, 1378, 1228, 
9584, 8522, 5695, 2213, 3618, 1067, 3225, 3815, 6444, 194, 
5791, 5636, 4051, 5848, 4522, 2417, 2272, 657, 6311, 5581, 
4745, 9420, 7134, 5732, 8723, 5714, 7692, 5652, 6110, 9370, 
8054, 882, 1429, 2578, 2183, 2453, 6562, 2683, 9829, 8027, 
3805, 3709, 9875, 1575, 5901, 4037, 4488, 5438, 2196, 6865, 
4843, 2232, 65, 1227, 5406, 4322, 8357, 7489, 8410, 1088, 
6482, 9942, 8193, 90, 3897, 4867, 4983, 6247, 5913, 7585, 
956, 9889, 4946, 3968, 6318, 942, 2598, 9630, 1180, 7826, 
4632, 8909, 719, 1692, 2474, 6222, 2154, 7844, 4477, 6556, 
424, 2406, 6380, 4081, 700, 2326, 7295, 754, 1923, 9995, 
6086, 5710, 25, 1164, 7243, 3468, 4529, 4320, 1409, 475, 
6067, 1568, 9852, 4198, 2347, 7952, 9834, 7716, 6342, 5207, 
3311, 1351, 1240, 7899, 7842, 4156, 3716, 1909, 6685, 3423, 
3970, 9499, 7603, 6812, 6596, 4108, 5919, 4377, 8202, 1100, 
4926, 5218, 8641, 6875, 4047, 9217, 6445, 9282, 7496, 7333, 
4260, 826, 8586, 2825, 8112, 9308, 5941, 9642, 8231, 2160, 
6446, 6847, 8664, 2719, 272, 1832, 9019, 8688, 4670, 4275, 
9317, 4758, 7344, 1301, 9746, 2371, 7731, 8220, 4426, 7551, 
912, 8845, 5345, 3585, 3790, 636, 2980, 7470, 8637, 917, 
4240, 1031, 289, 2496, 5839, 3248, 7666, 4370, 6149, 9240, 
6610, 1892, 1751, 1994, 1526, 8120, 4432, 2420, 1222, 2379, 
7609, 3223, 8132, 8703, 5826, 4743, 549, 8328, 3492, 6918, 
8979, 6609, 9329, 6082, 2086, 1627, 2771, 4042, 4530, 8590, 
7259, 1865, 4865, 7335, 175, 4141, 6913, 5999, 5897, 3289, 
1706, 1193, 3302, 2100, 2876, 3418, 3734, 5104, 9262, 9380, 
3463, 6127, 9927, 4206, 7748, 6943, 9837, 4854, 5869, 5938, 
1930, 3075, 117, 4648, 5583, 8904, 8640, 4136, 4328, 7452, 
3604, 2735, 652, 8256, 2264, 9295, 6057, 4782, 3034, 8195, 
2899, 9939, 1648, 6867, 1858, 5779, 5940, 7737, 6653, 1608, 
1404, 5621, 7504, 1654, 9428, 7982, 3594, 1344, 5188, 4707, 
8168, 7953, 2545, 7485, 8976, 3247, 592, 6716, 9173, 2609, 
9867, 3087, 7647, 5771, 6409, 3474, 5872, 1422, 6332, 7740, 
6743, 5811, 6681, 2580, 94, 7596, 6775, 7043, 1684, 3722, 
8340, 5393, 5005, 6866, 2841, 9826, 5645, 2564, 5786, 1991, 
3870, 8459, 8549, 7583, 6309, 5461, 611, 4888, 4327, 2466, 
4766, 242, 7436, 5281, 4391, 8753, 6379, 8939, 5176, 4708, 
7411, 7168, 8290, 2828, 5692, 4773, 4170, 9697, 5182, 7733, 
6994, 8391, 2115, 8768, 9945, 6784, 3575, 1450, 5158, 1794, 
5784, 9552, 7367, 9114, 5633, 4210, 4202, 8901, 9221, 2336, 
6451, 8155, 9229, 897, 3411, 50, 4696, 8034, 3413, 3057, 
6443, 3303, 2191, 6546, 6299, 4358, 5199, 9501, 462, 5608, 
7005, 2322, 4014, 7535, 9322, 955, 9398, 8520, 3892, 3456, 
4985, 4348, 1384, 7477, 9362, 7648, 3080, 1801, 229, 8307, 
6977, 190, 3638, 5317, 6259, 7017, 6205, 1845, 2546, 2830, 
6330, 7024, 2898, 1308, 6284, 4444, 824, 4097, 9413, 1086, 
2946, 6466, 9061, 7262, 1533, 6635, 4419, 3252, 2819, 5219, 
6599, 5256, 6427, 9547, 6551, 5236, 7195, 925, 3359, 7181, 
2602, 1233, 7607, 734, 3030, 6711, 7090, 1662, 2416, 4029, 
4038, 1951, 6543, 3309, 1016, 7326, 3242, 1275, 3748, 3925, 
2777, 8884, 5132, 4203, 1753, 9693, 5772, 3788, 2696, 8941, 
9324, 2964, 4267, 9463, 706, 3963, 9185, 4538, 6305, 284, 
2552, 8698, 3994, 7288, 3374, 9368, 3256, 5661, 4989, 1844, 
391, 7067, 7486, 3457, 7325, 9860, 6578, 2219, 2912, 5246, 
4611, 7484, 4187, 3747, 9189, 8556, 9574, 4040, 1772, 3616, 
4332, 3632, 9772, 3636, 4934, 6507, 5688, 851, 5953, 44, 
7512, 3495, 7081, 1880, 6778, 3614, 4485, 9249, 9704, 9131, 
8339, 8973, 4925, 6489, 1823, 5588, 3809, 3727, 1975, 5761, 
9532, 1382, 8553, 488, 3117, 9670, 3437, 968, 5678, 3040, 
7163, 2729, 8699, 7430, 5549, 6201, 2945, 2627, 5131, 3422, 
225, 3173, 7919, 1922, 1926, 3104, 5896, 6607, 3864, 3519, 
3387, 9299, 1912, 4717, 8796, 546, 1061, 3551, 3341, 2649, 
3079, 804, 3664, 3440, 291, 6701, 5307, 926, 2794, 2741, 
3782, 5733, 4641, 4651, 9480, 7544, 5398, 1340, 283, 1861, 
9178, 7723, 3118, 6025, 5187, 7336, 5742, 5685, 9076, 1486, 
5451, 4679, 1873, 3605, 8389, 1170, 1433, 8606, 5829, 3408, 
8275, 1967, 1882, 7130, 3904, 459, 8660, 2677, 5932, 8663, 
7301, 5323, 3089, 2087, 2510, 54, 7817, 4646, 4550, 2208, 
3927, 2195, 6459, 8240, 6902, 103, 9823, 2762, 4639, 4520, 
7152, 5816, 7354, 79, 8510, 7634, 7203, 9391, 8188, 5425, 
9424, 2731, 8890, 6587, 5708, 88, 2561, 1303, 8411, 7312, 
5490, 8798, 7028, 4779, 6138, 2523, 201, 4437, 5019, 2171, 
2163, 8828, 8974, 5668, 9799, 1458, 1258, 4960, 4567, 2079, 
9191, 8177, 1633, 3244, 7599, 7202, 2201, 2590, 2133, 7642, 
2702, 8416, 8238, 5618, 4948, 1338, 5524, 5045, 5101, 1036, 
4058, 2407, 6071, 3530, 3364, 6464, 1890, 5378, 4226, 9519, 
8392, 1020, 5623, 169, 9182, 9612, 6094, 2701, 7455, 3186, 
9605, 5481, 8854, 4513, 9876, 2851, 821, 8092, 4736, 3001, 
8991, 644, 1304, 8462, 673, 4623, 5037, 768, 4558, 5155, 
8905, 4547, 4897, 5397, 9520, 6819, 7298, 2397, 8923, 5487, 
5139, 7914, 687, 6007, 2445, 8293, 3105, 9509, 56, 1730, 
9366, 3360, 7742, 6804, 1756, 2551, 5071, 8129, 1885, 4026, 
5923, 7161, 2750, 9724, 8851, 3683, 98, 8246, 7000, 2891, 
9534, 4175, 5903, 30, 7604, 9410, 4716, 6004, 3240, 1871, 
4293, 1232, 5327, 7963, 7227, 8916, 4524, 9248, 352, 2158, 
6265, 3259, 8219, 8596, 7657, 395, 322, 9811, 2126, 6936, 
2756, 3999, 2910, 5529, 4981, 7308, 6472, 3453, 8284, 3015, 
3854, 7214, 2429, 1576, 2726, 3726, 7534, 2419, 8509, 9902, 
1195, 4928, 6033, 5102, 5387, 9205, 4824, 5334, 3676, 180, 
367, 1220, 6640, 4385, 4793, 8815, 345, 9699, 2858, 9786, 
1234, 5828, 7709, 3588, 6295, 3298, 6957, 2853, 1354, 515, 
3484, 2549, 4788, 3290, 3843, 2614, 2837, 6801, 9155, 9855, 
2091, 5039, 9768, 5245, 6402, 4422, 2863, 4213, 1418, 4668, 
1095, 3243, 365, 6646, 202, 998, 8067, 3011, 8764, 2543, 
2470, 3589, 1353, 8371, 8498, 4369, 2084, 6441, 5094, 4440, 
4673, 8242, 7031, 3481, 9253, 8952, 6810, 5725, 8203, 8122, 
672, 7853, 7441, 573, 8145, 8412, 3378, 9572, 1547, 9950, 
9494, 6468, 2575, 4161, 2262, 7641, 9617, 5749, 5326, 3702, 
9925, 6768, 539, 4655, 9074, 8774, 8342, 4319, 7293, 1903, 
7009, 8879, 5651, 4111, 8113, 3685, 1846, 6378, 440, 5527, 
6283, 6511, 6886, 5072, 9033, 4521, 5690, 3750, 335, 80, 
3346, 945, 8081, 9288, 4340, 1134, 8025, 8184, 2277, 9533, 
5053, 285, 3327, 4908, 589, 4438, 9468, 206, 6077, 9890, 
9215, 2792, 7933, 6557, 1638, 3728, 6594, 5706, 614, 3738, 
2029, 2307, 5823, 4228, 7690, 6208, 1543, 3699, 5457, 508, 
9208, 6073, 6098, 1663, 8843, 8050, 9952, 4257, 5579, 9895, 
4117, 1783, 5473, 6288, 5341, 8478, 8014, 3055, 2591, 1933, 
7756, 3624, 3774, 4389, 9434, 2250, 7753, 5854, 6388, 1394, 
8652, 7378, 273, 2923, 7614, 658, 4816, 4127, 1114, 8282, 
3889, 4772, 9774, 9107, 4251, 7582, 9756, 7188, 7962, 2199, 
497, 6224, 9634, 1668, 2594, 9245, 6916, 4735, 2957, 1676, 
6995, 5540, 3166, 4314, 6122, 3693, 8325, 7762, 645, 2014, 
2190, 3325, 4674, 2720, 3182, 665, 4317, 2730, 61, 5271, 
1528, 3681, 4065, 2798, 2747, 4748, 7774, 7384, 6680, 7237, 
165, 4292, 9940, 9773, 7550, 7070, 4200, 3946, 8910, 662, 
5264, 5262, 8468, 1241, 2083, 9263, 4475, 4349, 7501, 5383, 
928, 7483, 8888, 2646, 1524, 8802, 8947, 6354, 4597, 21, 
1201, 9887, 9152, 2732, 482, 9542, 7661, 4728, 1317, 8915, 
9465, 3976, 8632, 5299, 7763, 2997, 151, 4184, 4084, 9606, 
8697, 7981, 4855, 6350, 460, 6649, 2770, 6637, 2209, 4907, 
5201, 5997, 8645, 8695, 4337, 5634, 8670, 5957, 2642, 7517, 
8673, 8942, 3878, 9678, 3246, 3416, 8592, 808, 810, 9055, 
7078, 6522, 9928, 4700, 4491, 5660, 4382, 2032, 5558, 4684, 
9314, 6803, 8492, 3467, 8542, 3318, 7405, 8759, 4732, 2509, 
8911, 6448, 320, 743, 8514, 7758, 3831, 2312, 8961, 913, 
2921, 7521, 6584, 2415, 8701, 8951, 3068, 3926, 3741, 8310, 
9972, 2129, 3832, 571, 5003, 9980, 2025, 7863, 5459, 2849, 
8217, 1255, 3345, 1584, 3708, 3643, 9833, 3514, 9268, 2690, 
1639, 2769, 9251, 2251, 2065, 5339, 4635, 8608, 2104, 8393, 
4011, 7164, 9497, 6023, 7001, 3093, 8226, 9636, 5800, 7025, 
5849, 2328, 1552, 4806, 1815, 2981, 4041, 4282, 9760, 9809, 
2231, 8043, 4254, 8730, 1207, 669, 2131, 4447, 7577, 4288, 
2522, 6575, 5680, 3237, 3464, 8108, 8269, 1314, 9001, 1183, 
2410, 2688, 4448, 3645, 4006, 4334, 8827, 1650, 4080, 4343, 
9680, 356, 4363, 2306, 5992, 3366, 7215, 2511, 6001, 2004, 
2227, 6670, 8717, 6933, 1266, 7444, 4977, 7834, 6728, 946, 
1624, 6805, 7676, 9051, 2630, 1181, 5120, 2550, 5126, 6367, 
506, 6297, 3196, 4902, 7337, 1593, 342, 8399, 393, 2278, 
147, 8619, 1937, 7046, 3300, 2930, 8442, 9103, 5744, 4570, 
8036, 7664, 8752, 1390, 1694, 3313, 4961, 3164, 9311, 1239, 
237, 1992, 4599, 3354, 8537, 6644, 1072, 1392, 8605, 8373, 
6154, 4461, 4677, 7185, 8829, 45, 2995, 522, 9212, 2206, 
223, 3103, 5189, 6826, 9536, 6087, 1141, 896, 3092, 2331, 
4619, 8743, 7400, 9120, 3673, 9941, 5192, 7051, 5426, 5421, 
5026, 6908, 3208, 7929, 9919, 864, 1190, 2565, 7397, 7408, 
9744, 8897, 9166, 405, 3039, 7837, 4694, 1857, 9510, 5044, 
6403, 7248, 7588, 4746, 1758, 1661, 2742, 8308, 2722, 2078, 
9518, 7399, 2101, 591, 5976, 9567, 9884, 6439, 218, 9733, 
7263, 203, 1281, 5177, 9124, 2986, 5127, 6078, 2668, 5112, 
6417, 8704, 8552, 8876, 3909, 3542, 7459, 4143, 4849, 2998, 
5729, 4455, 6878, 1834, 7979, 5554, 2621, 1332, 2675, 6660, 
7818, 7810, 1675, 5935, 7404, 5954, 3667, 5115, 3952, 1800, 
5624, 2737, 577, 8563, 8877, 8433, 2095, 786, 8446, 1483, 
2832, 3584, 8422, 2955, 7610, 7787, 5460, 7802, 207, 1466, 
3830, 2563, 6079, 3666, 5526, 4722, 1325, 4407, 9192, 5372, 
1666, 9418, 6011, 4829, 3499, 6186, 1563, 9010, 4017, 9545, 
8671, 4719, 8003, 6885, 384, 4295, 9818, 7429, 6369, 7775, 
6420, 8739, 6397, 1789, 9423, 1005, 7591, 8233, 4927, 7590, 
6655, 8029, 8182, 1949, 7418, 3988, 4276, 6763, 4057, 8349, 
210, 6955, 7889, 4683, 610, 2844, 8761, 2214, 5410, 3466, 
2685, 986, 9257, 456, 1025, 4768, 2155, 4862, 5509, 5029, 
3045, 7040, 5106, 5553, 595, 7749, 2984, 7360, 4266, 2556, 
5235, 7999, 2804, 5159, 5892, 5716, 8413, 5512, 1781, 667, 
556, 1327, 1110, 7579, 4019, 2506, 2437, 7255, 215, 189, 
3497, 2118, 9728, 6706, 8128, 2404, 4861, 2958, 8551, 6783, 
6194, 5295, 6497, 4020, 829, 852, 910, 3022, 1741, 323, 
3541, 171, 6634, 3707, 2008, 4476, 2461, 552, 5814, 8236, 
2414, 6700, 9675, 1334, 7780, 166, 7172, 9090, 1901, 2127, 
398, 8288, 9581, 2341, 9892, 6613, 7004, 2022, 5537, 3964, 
6213, 6769, 5118, 6555, 1194, 7032, 6930, 2982, 1742, 4602, 
8970, 9569, 1468, 2185, 454, 4043, 8365, 9138, 6268, 85, 
1242, 2018, 2205, 196, 3534, 2311, 1099, 4467, 7836, 4230, 
7236, 4754, 2856, 1776, 8896, 6016, 195, 6532, 6370, 2942, 
744, 5641, 1798, 2153, 7567, 5442, 5073, 3074, 4272, 7260, 
2120, 664, 5206, 715, 6823, 1119, 5907, 4584, 7216, 6115, 
148, 2369, 7851, 8299, 4733, 8836, 8892, 7242, 81, 2941, 
7299, 8154, 5232, 1545, 5409, 2644, 7107, 1360, 5038, 5807, 
4469, 1929, 5927, 568, 1647, 632, 7230, 5294, 9104, 3470, 
8026, 2657, 8731, 1469, 9540, 7995, 8853, 3369, 5394, 6996, 
7316, 9067, 9289, 6538, 972, 1581, 8783, 4400, 6074, 5844, 
9523, 3232, 6484, 3549, 1696, 935, 4827, 9981, 4367, 8885, 
5609, 2057, 5556, 1123, 2046, 331, 5804, 1158, 6779, 5863, 
1864, 6617, 7636, 3399, 6669, 8230, 2475, 6749, 4406, 718, 
8894, 6816, 4958, 3858, 8398, 6249, 3900, 564, 3381, 1646, 
6103, 2740, 1860, 2974, 4868, 310, 8497, 1371, 4207, 1276, 
1534, 2976, 2905, 9967, 9075, 7659, 4891, 6399, 3553, 6515, 
2757, 2568, 8786, 4002, 2739, 3647, 4935, 1082, 9367, 8000, 
2240, 1501, 9250, 6165, 2428, 1151, 3277, 6693, 3861, 3278, 
671, 6405, 3443, 5261, 1981, 831, 4658, 9791, 4807, 1671, 
7121, 3619, 5353, 3587, 5571, 4765, 6535, 6232, 7510, 3202, 
1299, 6142, 7084, 6406, 3094, 5535, 1284, 5234, 6410, 3985, 
1959, 6280, 7555, 742, 7619, 4982, 2956, 7959, 1250, 213, 
2888, 7403, 9044, 4629, 4234, 2411, 2113, 9096, 8651, 710, 
6904, 6510, 8064, 8500, 8613, 895, 9300, 9056, 8740, 9863, 
2220, 921, 1043, 296, 5390, 5603, 9847, 9593, 1172, 2039, 
5827, 3539, 1202, 5693, 4804, 3043, 1451, 2222, 4366, 1509, 
7528, 3851, 5677, 2478, 2983, 1674, 2459, 7343, 6076, 8649, 
7158, 1809, 2144, 3392, 8746, 7133, 277, 7809, 9886, 134, 
2724, 6210, 6665, 5971, 9750, 5614, 8330, 3572, 4864, 4053, 
886, 4771, 9008, 9691, 2434, 312, 4135, 3671, 2712, 8754, 
3840, 4492, 9050, 7339, 419, 382, 5402, 9421, 9987, 7793, 
8116, 2324, 4063, 558, 4962, 8690, 1810, 217, 4138, 260, 
9897, 3086, 1387, 4697, 4101, 2892, 9517, 8587, 8924, 2895, 
3477, 494, 8276, 9456, 327, 712, 2069, 5852, 173, 1447, 
7156, 7440, 6144, 318, 9048, 9619, 8404, 6158, 7872, 373, 
3269, 3629, 7416, 892, 8720, 3868, 2728, 8946, 3648, 5466, 
258, 9383, 5465, 6690, 1702, 6382, 4738, 2148, 7562, 9099, 
6390, 9092, 6815, 1774, 8356, 6718, 3980, 7624, 8776, 6611, 
8239, 8913, 7815, 3834, 5825, 4146, 9227, 1431, 584, 7686, 
7823, 6337, 5504, 3227, 9123, 5672, 4339, 6050, 5960, 6748, 
8099, 8569, 4729, 8272, 6698, 5679, 4330, 6524, 525, 3379, 
5034, 4390, 708, 8455, 1931, 8545, 5492, 659, 885, 1680, 
3490, 2847, 9659, 2471, 9113, 1850, 2168, 9306, 7665, 5584, 
8871, 1820, 7803, 535, 6069, 3445, 2300, 5428, 8506, 4542, 
3563, 9622, 4459, 7928, 1346, 2637, 2097, 4905, 6777, 9375, 
6157, 4185, 307, 2346, 433, 6982, 2098, 778, 7858, 2562, 
3400, 422, 4392, 6903, 7968, 2267, 7519, 6565, 1924, 8452, 
5657, 9661, 64, 8160, 1038, 162, 9904, 7409, 2438, 7189, 
29, 9807, 9959, 9893, 3881, 2179, 3258, 8144, 5648, 4577, 
7474, 8623, 6068, 9677, 9979, 3535, 7946, 8345, 9531, 5696, 
7702, 722, 4092, 570, 3593, 1763, 1879, 4050, 7412, 3601, 
5785, 3347, 7072, 8490, 3894, 698, 7754, 5375, 1996, 876, 
7668, 7769, 8060, 9100, 6045, 9565, 6790, 9239, 6703, 628, 
562, 6341, 3603, 9002, 7192, 1504, 2601, 7910, 9422, 1221, 
7124, 5488, 1617, 9011, 8228, 2939, 2184, 5427, 9323, 128, 
5700, 5577, 8495, 3598, 4820, 1945, 6900, 7428, 5654, 62, 
9403, 4654, 9885, 9964, 5313, 8337, 3162, 3397, 5789, 8561, 
9219, 8816, 1302, 2099, 5859, 2424, 9014, 4811, 1707, 4229, 
3804, 8058, 880, 7674, 6914, 2442, 2603, 1733, 4443, 1449, 
8377, 7807, 7037, 1496, 124, 8374, 4218, 7279, 8255, 4783, 
2116, 7222, 8148, 6508, 8109, 5011, 3363, 8319, 2592, 8163, 
7014, 8296, 1238, 1717, 7267, 6614, 5843, 101, 8683, 1261, 
200, 2456, 6794, 9116, 9216, 3986, 7966, 8258, 9419, 5590, 
7649, 375, 2211, 5251, 3107, 9213, 5240, 2189, 4589, 5002, 
6541, 5076, 3630, 2680, 9277, 4970, 6895, 4873, 5361, 6360, 
4331, 3818, 364, 1613, 4509, 8857, 6772, 5027, 9658, 2068, 
8912, 6152, 9771, 9686, 8735, 1725, 7366, 8738, 9794, 7536, 
8692, 2110, 3724, 4375, 8742, 6114, 7458, 6315, 2800, 3329, 
1369, 2056, 7039, 1092, 8139, 8711, 5934, 4411, 1585, 9334, 
4021, 3714, 3487, 6684, 6975, 6181, 4434, 1987, 9573, 3508, 
4624, 6335, 834, 7909, 7089, 6707, 6708, 3430, 3332, 3802, 
3050, 5043, 5371, 1280, 9063, 7271, 670, 3993, 5057, 91, 
37, 590, 1432, 8554, 8375, 8935, 878, 2302, 5639, 5740, 
4795, 8079, 6070, 246, 9431, 2632, 5474, 4069, 5210, 5093, 
4942, 5316, 1592, 1887, 7859, 3675, 1806, 7302, 6896, 9779, 
5956, 5280, 7713, 6239, 4312, 4803, 371, 244, 1139, 5273, 
3974, 3886, 7681, 4070, 4335, 8173, 4572, 6180, 7066, 1957, 
1893, 8852, 6172, 1729, 9753, 4235, 7705, 7685, 5060, 6170, 
3455, 1497, 2096, 5322, 7571, 5031, 3547, 5140, 2247, 36, 
3930, 4508, 8056, 5619, 8175, 4511, 8893, 8053, 7637, 5698, 
7093, 2651, 721, 3229, 8376, 231, 8812, 3796, 5494, 8593, 
7463, 4113, 6296, 8799, 1954, 6536, 4421, 46, 7468, 1217, 
830, 6786, 2554, 3592, 4464, 3582, 736, 9665, 3084, 3758, 
8218, 677, 1792, 2180, 9233, 4151, 8584, 2527, 2361, 6272, 
1316, 7, 2687, 6053, 9629, 2736, 9149, 6897, 5890, 9292, 
2658, 3291, 5491, 7105, 4128, 1237, 6731, 8332, 1510, 6591, 
686, 2500, 3016, 9800, 8570, 7082, 529, 5018, 7682, 5506, 
6848, 5607, 7976, 355, 4114, 3765, 8011, 1731, 9983, 2357, 
2928, 4588, 5354, 4606, 7988, 5208, 550, 3947, 3756, 757, 
7949, 3112, 208, 4182, 385, 6430, 7352, 1963, 7700, 2152, 
6974, 8044, 4598, 376, 9151, 8493, 7865, 8765, 572, 6742, 
989, 8966, 3081, 5435, 5881, 6788, 1998, 1626, 3085, 8454, 
3757, 7937, 1420, 7922, 3428, 2248, 1033, 6880, 7972, 421, 
927, 8094, 2380, 2838, 4193, 4839, 1066, 1601, 6835, 2293, 
6940, 1105, 3941, 4493, 339, 3145, 1293, 3013, 7991, 5220, 
8572, 8107, 5591, 8156, 3483, 844, 3336, 8737, 9373, 1191, 
2765, 689, 9647, 7779, 2200, 4217, 3368, 8861, 3018, 2460, 
2123, 854, 4215, 8611, 599, 8681, 6373, 8119, 6717, 8902, 
4805, 6544, 1925, 6089, 5602, 7372, 2026, 7556, 4810, 505, 
5910, 9563, 5305, 9136, 2139, 5344, 5551, 9168, 2108, 5024, 
8304, 9242, 3340, 5142, 6188, 3653, 1645, 7689, 4698, 5449, 
5395, 10, 245, 3872, 4705, 6642, 6877, 6269, 7838, 3119, 
6153, 3792, 6182, 8849, 7433, 4457, 2284, 1213, 2425, 2893, 
6178, 4112, 1363, 6679, 9588, 6385, 9842, 6961, 3077, 5665, 
9978, 3372, 3669, 1262, 3403, 2342, 6678, 9911, 9325, 7291, 
3106, 9985, 1330, 7358, 108, 7381, 8680, 430, 2733, 3032, 
2897, 8908, 4906, 3100, 4832, 7791, 3122, 178, 3795, 6479, 
7350, 6241, 5704, 6858, 639, 6945, 6339, 5979, 1508, 2681, 
7113, 6364, 7570, 9348, 1245, 1477, 3099, 4536, 6517, 4071, 
7522, 692, 6505, 2973, 2364, 4383, 534, 2539, 5930, 5308, 
9874, 3914, 2755, 9016, 2887, 6737, 1029, 7891, 1279, 1126, 
3825, 3581, 7718, 495, 3528, 5834, 9624, 1403, 7669, 6682, 
6486, 4009, 2607, 6661, 7208, 3331, 3038, 3537, 5300, 2501, 
8089, 8457, 5597, 3766, 7814, 8869, 4195, 2714, 3215, 6537, 
5774, 8627, 2761, 4760, 1490, 7019, 5116, 6862, 7747, 1073, 
7110, 3323, 7855, 8940, 990, 9355, 2993, 5347, 3876, 3434, 
7253, 7340, 828, 496, 3049, 3059, 3482, 9269, 3763, 7725, 
6792, 3627, 8548, 145, 6017, 629, 6598, 7128, 5996, 6328, 
1704, 6075, 604, 8306, 7581, 4919, 1611, 7986, 2694, 6310, 
4286, 8601, 6899, 7947, 8875, 507, 7956, 9586, 2134, 7285, 
3576, 9708, 816, 8166, 4192, 4686, 3014, 9291, 8620, 6422, 
638, 8817, 2298, 1348, 7903, 3939, 8872, 8850, 9738, 1035, 
7923, 9154, 8920, 5737, 4762, 773, 2141, 675, 5686, 542, 
1726, 3128, 814, 8237, 3375, 8227, 5712, 9068, 9674, 3713, 
8612, 1535, 9546, 9516, 5629, 3907, 7813, 9083, 648, 641, 
8425, 8098, 469, 8675, 2071, 6253, 7398, 6580, 2758, 2869, 
8631, 3187, 2951, 7820, 1115, 2744, 1995, 3556, 4216, 4610, 
4201, 2486, 9025, 2393, 1216, 1749, 5649, 5810, 5083, 9326, 
6969, 2164, 2810, 2441, 4957, 2186, 7832, 6275, 2628, 4959, 
8171, 5424, 6107, 1891, 2710, 5055, 3971, 3640, 1482, 5365, 
4561, 2288, 4329, 6946, 6143, 5066, 4999, 4814, 2870, 6260, 
7612, 2114, 8555, 4609, 9609, 4630, 6710, 9079, 1161, 3023, 
9180, 4755, 1264, 5097, 7951, 4307, 8222, 1236, 6278, 1709, 
5349, 5124, 4177, 8969, 4575, 5226, 7831, 5626, 2547, 9731, 
8949, 9342, 7141, 933, 8013, 1331, 3384, 7266, 5257, 2906, 
6726, 5659, 484, 4313, 7003, 7739, 1128, 7432, 9568, 1785, 
4405, 5228, 1243, 9134, 3560, 5799, 8574, 6923, 2987, 1309, 
7529, 6166, 1644, 5510, 13, 8615, 5762, 150, 7268, 6922, 
877, 9476, 1098, 862, 6820, 3098, 4242, 593, 5808, 3942, 
2867, 7438, 6773, 8061, 7796, 3469, 9309, 4720, 6065, 4573, 
1153, 3012, 110, 2318, 1635, 6277, 2521, 4607, 6549, 3807, 
4747, 4252, 6572, 9170, 1287, 3472, 8636, 1476, 68, 9856, 
4903, 3983, 7098, 9921, 8557, 3210, 160, 9332, 1437, 6889, 
2704, 9474, 4012, 9246, 6032, 3573, 7269, 5676, 9254, 7420, 
7615, 1612, 8318, 920, 2275, 4821, 6381, 2070, 6412, 7023, 
8887, 74, 4612, 7380, 1051, 1719, 2920, 7231, 4194, 4618, 
8655, 723, 9012, 5895, 4256, 7613, 9331, 7324, 1888, 2381, 
5343, 2528, 7755, 9408, 361, 2085, 9805, 8250, 8380, 9828, 
8656, 4712, 6395, 9444, 4711, 9452, 3042, 9938, 293, 8597, 
4899, 5416, 663, 7062, 4889, 7494, 1549, 3775, 6579, 7385, 
7771, 7171, 2659, 1318, 7875, 3998, 7930, 6123, 1013, 5133, 
7074, 8501, 9538, 3895, 5842, 7370, 860, 6387, 3725, 1732, 
3305, 8125, 4576, 6663, 5420, 5111, 5136, 1052, 1430, 3454, 
8955, 9040, 8986, 6978, 3296, 5067, 8771, 9549, 2801, 5939, 
7042, 39, 2367, 9715, 7199, 9026, 212, 5114, 1006, 3703, 
6734, 7310, 4853, 8775, 7162, 177, 63, 9360, 8279, 9681, 
9450, 2002, 7304, 787, 9224, 8599, 1973, 580, 146, 4147, 
6592, 2238, 303, 4994, 3260, 1859, 1167, 1969, 2354, 2709, 
1359, 9469, 7318, 9649, 4552, 3019, 5265, 8639, 6987, 4947, 
3770, 2914, 2846, 4415, 4740, 8432, 7018, 1628, 7864, 3189, 
3328, 1947, 4568, 4250, 3142, 2323, 1146, 3731, 6055, 2840, 
9901, 1295, 3610, 2587, 1291, 6377, 9433, 4545, 796, 1735, 
6233, 6548, 7546, 5143, 3063, 9406, 7258, 528, 8326, 4052, 
3226, 5683, 4336, 1655, 5596, 306, 1656, 5315, 704, 1131, 
3272, 2655, 820, 156, 2418, 9614, 1778, 8502, 486, 4274, 
9767, 2672, 6252, 2178, 9146, 7543, 5928, 1718, 8706, 1198, 
4885, 4692, 3197, 8582, 5379, 6758, 7738, 4770, 8451, 1049, 
2074, 6084, 9761, 1502, 8767, 9458, 823, 2743, 6109, 605, 
5169, 9111, 8685, 7453, 3850, 6795, 843, 2122, 6558, 9374, 
7166, 4737, 9782, 7848, 3029, 5610, 1821, 2374, 38, 6302, 
3480, 565, 4996, 2748, 2779, 8151, 9951, 3160, 8702, 579, 
5000, 1984, 6190, 3314, 2403, 6293, 6063, 4778, 8934, 7240, 
8959, 1814, 2358, 238, 3401, 4845, 6276, 1290, 3504, 788, 
6139, 8106, 3660, 3020, 381, 5820, 5056, 4321, 3784, 9029, 
8322, 9651, 6228, 966, 2472, 9628, 2752, 7224, 3404, 6939, 
7650, 5260, 2233, 2048, 5601, 7369, 7282, 2060, 4102, 9989, 
5434, 1722, 3953, 4172, 4289, 6072, 3934, 3510, 4917, 4039, 
6255, 1278, 4951, 7196, 1143, 681, 316, 7050, 4468, 234, 
2490, 8074, 4590, 8867, 9164, 4764, 8996, 4578, 9473, 6806, 
338, 1911, 121, 6058, 2988, 8247, 5617, 5366, 2112, 5468, 
9493, 451, 2536, 1983, 889, 6465, 5065, 8891, 7921, 6759, 
6271, 5542, 2325, 8091, 5084, 8370, 5539, 3017, 7424, 6942, 
4869, 3130, 8046, 3704, 763, 1667, 6197, 443, 3257, 2797, 
7728, 259, 5096, 5195, 3319, 2717, 7425, 3536, 3072, 2766, 
2111, 4466, 2051, 2746, 2790, 9610, 9988, 3658, 1714, 4988, 
5858, 396, 5937, 6817, 6529, 3317, 3710, 1263, 1955, 154, 
2989, 7201, 5230, 1479, 2224, 5809, 3950, 168, 388, 1610, 
3524, 4809, 3264, 1010, 9223, 5272, 7053, 2137, 2648, 516, 
8598, 2370, 6046, 9222, 3981, 9145, 1693, 5534, 8938, 3163, 
6673, 973, 1862, 4427, 9274, 8309, 3396, 8364, 3718, 334, 
172, 8005, 4238, 6839, 776, 3961, 2915, 1335, 2142, 737, 
3982, 5599, 7927, 2992, 5351, 9160, 6043, 7839, 4060, 182, 
7292, 6721, 6355, 2597, 7241, 120, 7598, 2615, 5702, 1596, 
5497, 6214, 1323, 4556, 461, 6797, 7533, 3525, 3762, 6799, 
9243, 8312, 2821, 3002, 7704, 1333, 2517, 300, 370, 6083, 
1902, 7371, 3409, 3859, 3931, 949, 133, 3590, 9869, 4656, 
6493, 2745, 8560, 7148, 4451, 7924, 3596, 5303, 1443, 9618, 
8832, 6091, 3506, 8285, 8, 3426, 5408, 4325, 2063, 1069, 
9486, 2508, 211, 939, 8405, 9604, 5077, 904, 1819, 1169, 
7068, 4263, 2019, 2075, 3, 4976, 6150, 7782, 5301, 1658, 
5125, 9003, 5454, 9064, 8153, 4554, 7300, 7382, 3307, 1341, 
9126, 5284, 4622, 1835, 5346, 7048, 3842, 9286, 7086, 9054, 
7932, 1640, 9848, 1716, 7207, 1700, 350, 3520, 9038, 5894, 
8936, 1939, 8017, 6227, 2421, 8023, 4460, 8274, 7389, 8448, 
2922, 1874, 2784, 3656, 2975, 7055, 5730, 9069, 6569, 5352, 
6746, 2885, 3320, 2711, 9615, 7644, 5552, 6648, 9389, 6605, 
4381, 7175, 9537, 6389, 3371, 5320, 1669, 1685, 5389, 1752, 
7376, 5824, 8072, 3116, 1478, 1320, 7012, 5028, 7941, 4271, 
7353, 420, 9943, 123, 2451, 137, 8045, 1777, 5682, 6162, 
7573, 9592, 2166, 8653, 6696, 4512, 4304, 1319, 4548, 5830, 
5741, 2686, 5631, 5151, 8880, 6714, 4078, 7401, 9036, 9384, 
9194, 3216, 8856, 5052, 8444, 7532, 8283, 2861, 2570, 9464, 
6062, 3213, 240, 5989, 4096, 9441, 4995, 5585, 1757, 1156, 
9359, 8298, 9916, 6624, 1397, 1015, 8508, 5128, 8547, 28, 
5392, 186, 6092, 1817, 1773, 8657, 6290, 5340, 693, 139, 
4082, 7060, 7348, 9206, 5021, 9655, 4709, 602, 1235, 8770, 
4086, 2813, 8004, 875, 2408, 6636, 7882, 1215, 919, 4689, 
9022, 2066, 2669, 9439, 2106, 551, 4571, 4724, 6621, 232, 
8409, 1782, 2978, 7280, 136, 6000, 8903, 4880, 9696, 9640, 
426, 1928, 9203, 4750, 8126, 8677, 3672, 1103, 406, 5964, 
9200, 8225, 4756, 9247, 9338, 3523, 8366, 7589, 3005, 5296, 
544, 8297, 7662, 6244, 3611, 7296, 1271, 7523, 6641, 1412, 
2005, 1277, 6060, 183, 453, 3026, 6235, 6418, 3179, 1985, 
994, 8975, 561, 9666, 2807, 1588, 8835, 3813, 5324, 7857, 
3131, 1577, 1124, 5775, 8449, 7616, 8469, 7129, 4277, 9280, 
3960, 8138, 8719, 2446, 5568, 9660, 2716, 2634, 5878, 6014, 
1883, 5593, 4480, 4402, 8960, 6018, 3918, 1440, 9657, 6667, 
7524, 434, 414, 6986, 7276, 7377, 6298, 8394, 3883, 2860, 
8303, 6735, 6200, 3891, 5498, 771, 3062, 1642, 5900, 9755, 
725, 1044, 3698, 6454, 795, 9470, 95, 8709, 653, 1294, 
5213, 9672, 7741, 112, 7306, 841, 7265, 5355, 9613, 6553, 
1889, 3398, 9388, 1368, 887, 9748, 2258, 6234, 5751, 6191, 
7362, 7073, 2654, 8424, 3550, 4395, 8865, 8521, 332, 5955, 
5095, 6793, 1475, 8294, 1659, 5478, 923, 4003, 815, 3230, 
7830, 5855, 4449, 594, 9093, 1113, 4496, 3287, 6408, 7281, 
2034, 8643, 7886, 4100, 4923, 9228, 7155, 1178, 8104, 7007, 
1766, 4121, 5058, 4939, 9490, 5259, 4840, 7365, 7597, 8616, 
9752, 2596, 3682, 116, 2006, 8037, 4008, 7778, 4248, 682, 
4409, 7563, 411, 4255, 6398, 8224, 2294, 3567, 3231, 5778, 
6958, 8559, 1812, 5014, 4452, 5485, 8780, 8957, 6344, 5174, 
1916, 6959, 7027, 5541, 1679, 2412, 2073, 5447, 6935, 8402, 
1001, 4930, 8263, 141, 3097, 8485, 7257, 7752, 3720, 9400, 
8900, 1664, 8833, 3158, 483, 9435, 4882, 57, 7038, 9443, 
8200, 8578, 7811, 5479, 4237, 4727, 4453, 978, 9644, 8727, 
7487, 3773, 5532, 5166, 9290, 8136, 1414, 2491, 1347, 4825, 
9839, 490, 3973, 4734, 6245, 9787, 4301, 5336, 8254, 8532, 
7897, 6814, 1269, 2449, 435, 7233, 5108, 8076, 2423, 8467, 
8823, 514, 3655, 7654, 3376, 4072, 140, 7406, 5337, 1565, 
7002, 3151, 4279, 9705, 9460, 9080, 8105, 3665, 2952, 627, 
3444, 2839, 4887, 2581, 3837, 5594, 2950, 2718, 1807, 8964, 
2723, 6473, 4489, 8466, 1649, 1296, 8494, 7217, 9244, 7177, 
6931, 3626, 6692, 5319, 5899, 8795, 2394, 9596, 2692, 2030, 
6755, 4033, 813, 7996, 5239, 6704, 9793, 6097, 8621, 3739, 
6554, 8417, 5544, 7307, 9183, 3969, 3507, 4525, 295, 8820, 
9993, 7632, 5119, 7750, 7136, 6567, 4231, 1388, 8001, 6135, 
1715, 4953, 9407, 6433, 5205, 2081, 4898, 7373, 2315, 7799, 
1689, 7984, 8676, 3235, 881, 3865, 5794, 2092, 2505, 988, 
9802, 5975, 4174, 4351, 7757, 3448, 4232, 856, 2261, 5951, 
6010, 6729, 4155, 4595, 2480, 9706, 2067, 1229, 1690, 5330, 
9454, 2076, 3997, 3559, 263, 6676, 4924, 1487, 6561, 6501, 
4465, 7151, 997, 961, 4879, 5760, 3405, 6657, 5364, 7708, 
7633, 5812, 4396, 642, 984, 9529, 1285, 164, 6990, 4299, 
4188, 7592, 4726, 8755, 4247, 1116, 3569, 2435, 5977, 6407, 
3954, 1976, 6185, 5572, 2662, 9974, 5429, 8458, 1212, 224, 
7212, 3650, 8546, 7575, 2883, 463, 1424, 7717, 5790, 4030, 
8745, 9801, 1818, 9436, 3479, 8721, 9006, 9091, 3887, 8149, 
1629, 3696, 2422, 907, 7883, 8712, 3995, 761, 726, 7435, 
3214, 428, 9065, 1457, 9115, 313, 9467, 3008, 679, 538, 
4064, 9625, 7835, 6495, 5769, 72, 8450, 2052, 9590, 4359, 
6171, 3577, 6325, 4342, 891, 651, 1352, 5908, 5517, 3271, 
7283, 4306, 8443, 1173, 3322, 280, 1636, 1441, 441, 4667, 
9018, 8825, 3420, 431, 1064, 1377, 8618, 5167, 7206, 5837, 
2243, 5059, 9580, 4365, 3275, 9086, 971, 2610, 3903, 6631, 
3500, 5462, 8805, 9766, 5862, 8693, 7679, 1312, 5107, 4103, 
9411, 6132, 2916, 7880, 161, 6304, 954, 5743, 5612, 5291, 
6909, 7894, 6250, 9946, 9975, 7297, 4384, 7828, 3826, 6338, 
1140, 2595, 8431, 8766, 7915, 477, 6702, 6638, 3937, 6237, 
4586, 1184, 6219, 9446, 3424, 6689, 6568, 5089, 92, 1187, 
3441, 353, 8778, 8024, 9401, 9039, 1540, 6449, 9031, 1555, 
9949, 7457, 8878, 7356, 9742, 3798, 7675, 5144, 5986, 9491, 
7507, 2586, 70, 1591, 6179, 4518, 1282, 4075, 6765, 8039, 
5866, 4936, 9095, 1986, 297, 1515, 349, 5121, 7246, 5738, 
6518, 8287, 6782, 5456, 6242, 2948, 1816, 7954, 8864, 6999, 
3036, 7847, 4749, 8700, 3862, 4666, 3517, 2159, 6709, 6608, 
8137, 9775, 4273, 8889, 109, 7497, 9071, 9578, 2499, 2633, 
2281, 8666, 6039, 6061, 6316, 4763, 8348, 4326, 8164, 2217, 
4608, 1837, 298, 619, 8427, 626, 6049, 1056, 9102, 3207, 
6888, 3545, 5727, 8993, 7797, 3772, 281, 8491, 6620, 578, 
6452, 6623, 3913, 8261, 4841, 2684, 8989, 5985, 4799, 2117, 
6037, 6345, 6240, 6736, 27, 2349, 8408, 6488, 3721, 7178, 
6760, 266, 3355, 4842, 738, 8212, 6827, 8353, 513, 239, 
2938, 4163, 2285, 1936, 6174, 5171, 8503, 5555, 2518, 3944, 
8528, 4025, 8397, 7760, 9285, 5141, 4753, 783, 5963, 2042, 
4978, 8513, 8914, 8694, 4436, 4713, 1315, 6436, 5630, 6761, 
2343, 9472, 6323, 2764, 7088, 1956, 4604, 1827, 4601, 1426, 
8384, 6294, 6009, 707, 7526, 5231, 2218, 3958, 4428, 4866, 
5430, 870, 819, 4490, 4495, 5787, 1037, 9121, 3839, 1518, 
1481, 9218, 5075, 6504, 2028, 5531, 380, 106, 5404, 6215, 
5047, 8550, 9399, 9611, 2021, 1399, 3170, 3687, 7600, 2338, 
404, 3266, 1045, 6429, 5916, 5567, 8972, 9005, 9266, 9193, 
1492, 5945, 3316, 3922, 8937, 4950, 7194, 2373, 6751, 402, 
1972, 4800, 1852, 2431, 9871, 9315, 4004, 2156, 9558, 3785, 
5046, 2588, 6359, 6633, 7908, 3856, 5229, 243, 1376, 9390, 
7602, 5918, 6348, 2105, 9094, 2548, 6588, 1536, 6375, 3885, 
4691, 2172, 5074, 8558, 7273, 4828, 4109, 3836, 3169, 4593, 
5363, 7680, 3620, 3663, 7290, 8199, 9153, 1522, 9030, 6366, 
9992, 2749, 2663, 5135, 6838, 8668, 9934, 8678, 5967, 1786, 
7058, 4168, 9973, 4125, 7080, 2229, 6713, 6462, 941, 5269, 
5338, 7695, 4870, 4378, 5523, 111, 9687, 4929, 4159, 1366, 
9448, 5763, 9073, 741, 2310, 5508, 7439, 9234, 3717, 3431, 
1745, 9896, 6491, 7608, 1329, 6383, 3746, 9948, 9177, 797, 
1002, 3933, 4278, 8895, 957, 9158, 93, 9730, 3155, 9176, 
7564, 3429, 302, 7618, 3270, 5211, 4776, 8571, 2513, 7765, 
6615, 2391, 873, 1150, 5204, 647, 5802, 9294, 4895, 8456, 
5987, 6005, 6506, 5933, 2017, 2000, 9481, 241, 7925, 5717, 
9313, 6372, 8581, 2967, 2109, 964, 4886, 848, 3475, 5227, 
7368, 8609, 2409, 2776, 8868, 818, 8568, 3866, 2161, 4245, 
3073, 1631, 5525, 7013, 3330, 4305, 8315, 9695, 9027, 8341, 
1208, 1968, 6483, 5604, 3956, 3111, 1186, 1598, 2929, 3121, 
9077, 2624, 359, 7509, 5358, 5822, 8266, 2872, 6612, 2316, 
846, 9414, 2788, 1686, 7724, 8006, 9757, 8564, 2027, 3978, 
4583, 3110, 3828, 9632, 6263, 6353, 8327, 6893, 265, 9883, 
6027, 2538, 2834, 3901, 5193, 1828, 3814, 6857, 9840, 8784, 
7391, 5701, 1856, 3171, 2392, 6859, 254, 3800, 1979, 9004, 
6873, 8096, 9432, 6527, 2882, 8479, 898, 5663, 5511, 5628, 
9021, 2385, 270, 3436, 5081, 7011, 4775, 9161, 9148, 4676, 
8008, 3936, 4616, 9526, 2626, 8390, 2544, 2193, 8622, 5413, 
1474, 1225, 5181, 5713, 8143, 9402, 8207, 99, 2443, 471, 
9913, 1096, 9804, 6038, 6121, 8526, 903, 464, 1527, 8963, 
5184, 9566, 9210, 2667, 5882, 3380, 3493, 9721, 866, 2842, 
6362, 4199, 817, 5640, 7327, 8313, 948, 774, 114, 5469, 
8543, 3910, 4360, 914, 3389, 3827, 8419, 8009, 5202, 5309, 
9960, 8320, 8866, 1174, 4780, 6724, 9430, 8078, 83, 6845, 
8804, 5545, 6036, 5241, 5874, 1024, 9084, 292, 4243, 7561, 
4603, 1042, 9284, 8172, 4932, 8945, 5445, 2348, 8661, 2753, 
3183, 6437, 1055, 3349, 7099, 4045, 5605, 5753, 4308, 2387, 
2448, 8073, 8418, 4129, 2972, 1768, 8407, 6953, 43, 9515, 
7479, 1960, 8214, 4083, 4797, 8840, 3822, 7122, 9783, 4980, 
4224, 8535, 5565, 6619, 7861, 8538, 3888, 4998, 2572, 5566, 
8473, 9776, 8165, 5514, 3066, 8728, 519, 3465, 5437, 7103, 
2623, 5255, 1075, 9162, 6274, 8111, 6879, 8679, 541, 3370, 
3912, 6829, 3211, 4261, 5329, 1211, 7221, 155, 9741, 8580, 
4663, 4474, 7885, 6809, 8922, 9900, 1966, 86, 7824, 4478, 
936, 9471, 1621, 9483, 425, 749, 8437, 6533, 5091, 621, 
3352, 3339, 1799, 7165, 5179, 8948, 8100, 6457, 1445, 6137, 
5991, 1868, 8142, 5064, 9726, 625, 8291, 8994, 3532, 5805, 
4309, 1493, 9881, 8705, 3126, 4173, 4404, 1214, 5782, 6601, 
6843, 8881, 9142, 3348, 84, 6312, 2363, 643, 282, 7621, 
2001, 4563, 2405, 5904, 9489, 6116, 2793, 5906, 7284, 1324, 
1721, 8744, 5152, 2256, 3067, 8482, 9522, 3306, 5384, 4786, 
7557, 8642, 4486, 319, 5357, 2090, 1464, 2303, 4110, 2811, 
1908, 4546, 3606, 7792, 8323, 8930, 8292, 6915, 5405, 9119, 
2890, 1517, 8281, 748, 8628, 5681, 1561, 9862, 5739, 5754, 
8344, 5495, 9544, 4016, 4792, 6467, 7735, 7313, 9701, 6581, 
9815, 8579, 8567, 1349, 5183, 125, 4265, 3902, 4269, 275, 
2824, 6526, 6842, 1894, 6458, 9570, 3206, 8378, 6415, 7549, 
9849, 6720, 49, 5499, 8277, 9635, 2125, 73, 728, 2927, 
5570, 5332, 4710, 4914, 1157, 4160, 1708, 6992, 4001, 7395, 
4347, 9479, 7554, 9727, 9817, 8187, 8604, 2831, 8733, 805, 
2643, 2763, 222, 9868, 7795, 5154, 2440, 9504, 9560, 9186, 
2020, 3740, 9429, 1795, 4523, 4591, 4061, 2514, 7860, 9553, 
9405, 1670, 9998, 9643, 4808, 7100, 3048, 444, 9070, 503, 
4649, 5646, 2965, 9841, 2399, 7706, 7867, 6719, 9198, 1833, 
5411, 1081, 9159, 1171, 2049, 5225, 9214, 6998, 6892, 1701, 
7572, 4124, 4068, 9259, 9599, 1964, 524, 7449, 5635, 504, 
9106, 9175, 2187, 9298, 5348, 8751, 2569, 2130, 8071, 7186, 
7247, 4433, 5422, 7638, 4131, 2778, 6455, 3586, 3797, 2802, 
9261, 5586, 3754, 7317, 7560, 9226, 4846, 5653, 6334, 279, 
7714, 8811, 3088, 4833, 4149, 8769, 5085, 3733, 7784, 59, 
6204, 135, 5600, 429, 9267, 9645, 4830, 7776, 6329, 9905, 
256, 8686, 386, 9603, 1523, 304, 7131, 7548, 847, 6570, 
2725, 4742, 5452, 569, 6747, 3344, 2062, 7541, 842, 5943, 
2476, 8824, 3395, 8244, 7022, 3977, 8534, 9013, 374, 5279, 
179, 9156, 799, 2181, 3879, 9072, 9252, 2785, 4585, 1322, 
8049, 2041, 2629, 8420, 758, 2260, 8115, 1374, 7906, 7584, 
7187, 9654, 5222, 197, 6324, 2866, 9984, 2146, 5924, 4701, 
3438, 6973, 3113, 6727, 2908, 7911, 9109, 6282, 8080, 1012, 
1623, 7471, 3293, 4900, 6912, 5536, 4559, 9365, 8644, 8280, 
8189, 2355, 1750, 2835, 8361, 8051, 2715, 5969, 2352, 6715, 
6487, 7179, 3732, 6509, 1505, 9933, 3668, 1905, 5880, 2398, 
107, 9487, 640, 262, 4798, 2433, 5501, 167, 4099, 3147, 
7801, 7673, 1919, 7898, 8059, 995, 6924, 3778, 2365, 9231, 
3238, 2886, 6870, 4549, 449, 9694, 8630, 6928, 9310, 8179, 
6106, 4954, 9130, 9790, 6177, 6861, 701, 735, 248, 2246, 
2932, 317, 9968, 3972, 4470, 6863, 6289, 1147, 8575, 7052, 
4130, 3875, 2504, 5453, 523, 6825, 3419, 7761, 325, 18, 
1830, 5012, 2289, 442, 1597, 4205, 6971, 8245, 5538, 8464, 
6030, 1256, 7287, 6854, 5282, 2865, 6176, 2641, 3544, 7829, 
3488, 4675, 445, 9511, 717, 4693, 4831, 9977, 6934, 438, 
9638, 8335, 3061, 3035, 1953, 960, 511, 4297, 1463, 9301, 
8201, 4318, 3812, 4835, 1026, 3806, 2902, 8186, 7964, 9485, 
9187, 8756, 5209, 1779, 3811, 8846, 7805, 9007, 1653, 2652, 
2103, 8260, 9947, 837, 2188, 7087, 8687, 9789, 9442, 8429, 
5268, 545, 9923, 3265, 9576, 2706, 3024, 5048, 3646, 4500, 
34, 9129, 1383, 5033, 6492, 3540, 1744, 9627, 3037, 3871, 
4574, 7069, 6744, 3781, 15, 1607, 3533, 727, 8684, 8118, 
3794, 7137, 6384, 2495, 6175, 8305, 9571, 9409, 7773, 5921, 
678, 5216, 6020, 2242, 1822, 3412, 1252, 5674, 294, 2985, 
4067, 7102, 1988, 3167, 1713, 5275, 3421, 5070, 6968, 3659, 
9792, 89, 8777, 7138, 9684, 1586, 9664, 3920, 8426, 8329, 
5212, 2427, 2304, 7223, 2080, 8785, 7545, 7374, 7254, 9132, 
8480, 5441, 1272, 1018, 9393, 4838, 3642, 1421, 3730, 9530, 
9575, 1762, 7396, 4848, 9740, 983, 4439, 1965, 4119, 4890, 
8809, 3824, 9199, 5658, 7997, 1107, 2875, 8540, 9336, 5815, 
3021, 4414, 7576, 3984, 9275, 5007, 3478, 9587, 7101, 5062, 
2337, 2585, 2854, 5356, 7595, 1538, 5974, 6206, 7639, 3570, 
8714, 7849, 9813, 1578, 6029, 832, 2245, 802, 8818, 6246, 
2900, 888, 4462, 412, 4991, 8386, 9582, 9652, 6970, 204, 
4626, 6697, 1697, 9426, 5164, 6460, 9265, 5978, 7777, 7388, 
3623, 1560, 8790, 9662, 1306, 3509, 7329, 5561, 8088, 1396, 
3350, 4952, 1097, 9735, 2676, 5362, 770, 9759, 4356, 5035, 
5666, 581, 4144, 7427, 838, 9866, 2503, 7651, 3357, 341, 
1357, 4164, 8259, 1087, 5086, 2608, 3855, 9386, 4176, 1068, 
7355, 6841, 2436, 9956, 4062, 4537, 9858, 1712, 1062, 1854, 
3679, 3848, 7159, 8316, 198, 8038, 3156, 3635, 4284, 4502, 
